60 448
73
34 6 19 322
13 3 28 352
13 5 17 378
10 12 24 394
10 12 11 436
6 7 54 423
6 15 6 430
25 7 26 386
25 15 35 433
21 12 25 422
16 7 44 361
16 5 20 439
21 3 29 392
21 5 11 407
5 7 55 318
5 5 4 421
4 1 10 334
4 10 22 422
6 13 54 324
12 13 48 395
12 9 44 373
23 6 29 327
7 3 42 394
7 5 50 429
2 1 48 361
2 10 58 368
6 6 25 434
6 5 54 419
14 7 34 367
14 6 43 381
16 3 16 417
16 5 44 312
14 6 42 317
14 5 28 382
14 13 46 407
3 2 45 425
3 7 20 425
11 2 44 332
11 7 16 388
6 7 45 427
6 6 30 433
33 14 12 354
12 4 4 385
12 3 44 353
16 18 31 405
12 3 37 403
12 18 45 336
4 4 48 333
4 3 56 377
3 1 8 404
3 2 7 410
6 9 11 411
6 9 20 431
6 1 36 433
6 2 53 316
5 7 33 399
5 18 1 425
3 9 57 379
3 9 8 418
9 18 12 419
6 5 29 443
6 2 1 442
2 12 4 360
2 9 56 379
8 3 5 428
8 9 47 419
10 9 50 387
3 5 24 331
3 2 28 433
3 18 57 344
3 7 29 376
2 3 12 393
2 9 36 374