60 140
73
34 6 2 103
13 3 44 137
13 5 41 129
10 12 50 102
10 12 22 3
6 7 47 115
6 15 54 120
25 7 0 90
25 15 2 70
21 12 25 110
16 7 30 96
16 5 9 56
21 3 4 87
21 5 25 56
5 7 54 95
5 5 21 122
4 1 49 114
4 10 46 101
6 13 0 112
12 13 14 127
12 9 17 47
23 6 23 23
7 3 24 20
7 5 11 122
2 1 26 2
2 10 6 130
6 6 0 125
6 5 53 114
14 7 40 122
14 6 10 97
16 3 44 85
16 5 42 66
14 6 9 28
14 5 13 15
14 13 11 109
3 2 56 22
3 7 8 128
11 2 40 64
11 7 45 88
6 7 3 60
6 6 38 134
33 14 27 71
12 4 44 19
12 3 33 89
16 18 1 34
12 3 29 68
12 18 26 122
4 4 56 89
4 3 8 137
3 1 7 100
3 2 57 138
6 9 0 131
6 9 53 10
6 1 53 119
6 2 52 135
5 7 6 121
5 18 25 85
3 9 11 127
3 9 30 87
9 18 23 29
6 5 45 46
6 2 48 99
2 12 7 109
2 9 58 60
8 3 40 61
8 9 52 50
10 9 17 61
3 5 27 63
3 2 18 124
3 18 0 52
3 7 52 59
2 3 58 135
2 9 38 125